[ 4542.106452] [project1] 2870 1587998618.464598106 1587998621.517574927
[ 4545.933211] [project1] 2871 1587998622.912735388 1587998625.344338043
[ 4549.660664] [project1] 2872 1587998626.703878018 1587998629.71798322
[ 4552.891856] [project1] 2873 1587998630.208708845 1587998632.302994320
[ 4556.170051] [project1] 2874 1587998633.440533985 1587998635.581195002
[ 4559.523435] [project1] 2875 1587998636.728356672 1587998638.934583775
[ 4563.119002] [project1] 2876 1587998640.44708941 1587998642.530156012
[ 4567.450917] [project1] 2877 1587998643.896449258 1587998646.862079261
[ 4570.773786] [project1] 2878 1587998648.112845913 1587998650.184953885
[ 4573.897117] [project1] 2879 1587998651.160840380 1587998653.308291180
